# Exported from Wings 3D 1.5.3
mtllib mc_tfcr_firepit.mtl
o Fireplace 1
#57 vertices, 86 faces
v 0.62092826 0.49256109 0.50832341
v 0.58431661 0.49256109 0.59671176
v 0.49592826 0.49256109 0.63332341
v 0.40753992 0.49256109 0.59671176
v 0.37092826 0.49256109 0.50832341
v 0.40753992 0.49256109 0.41993506
v 0.49592826 0.49256109 0.38332341
v 0.58431661 0.49256109 0.41993506
v 0.49592826 0.67147514 0.50832341
v 0.73186515 0.39771861 0.53853557
v 0.73836022 0.39974355 0.50302136
v 0.53881441 0.75589517 0.52365168
v 0.54530948 0.75792012 0.48813747
v 0.70069762 0.38064255 0.53186181
v 0.70719269 0.38266749 0.49634759
v 0.50764688 0.73881911 0.51697792
v 0.51414195 0.74084405 0.48146370
v 0.39836841 0.37949956 0.72855497
v 0.43458617 0.38173954 0.74538520
v 0.46798969 0.77571257 0.52600056
v 0.50420744 0.77795255 0.54283079
v 0.41418119 0.36061011 0.69704077
v 0.45039895 0.36285009 0.71387100
v 0.48380247 0.75682312 0.49448636
v 0.52002022 0.75906310 0.51131659
v 0.55781651 0.45435393 0.73526051
v 0.60091796 0.45680896 0.72763270
v 0.49314562 0.88860339 0.50959715
v 0.53624707 0.89105842 0.50196934
v 0.55222870 0.43365110 0.69702290
v 0.59533015 0.43610612 0.68939510
v 0.48755780 0.86790056 0.47135955
v 0.53065925 0.87035558 0.46373174
v 0.43136791 0.39000903 0.29264430
v 0.39562849 0.39600258 0.29231541
v 0.48944967 0.74674394 0.48206879
v 0.45371024 0.75273750 0.48173989
v 0.42829815 0.37346543 0.32474140
v 0.39255872 0.37945899 0.32441250
v 0.48637990 0.73020034 0.51416588
v 0.45064047 0.73619390 0.51383698
v 0.72425524 0.45145992 0.40641982
v 0.70870314 0.45145992 0.36956697
v 0.53161951 0.85038727 0.48771311
v 0.51606741 0.85038727 0.45086026
v 0.69161401 0.43289096 0.42019459
v 0.67606192 0.43289096 0.38334174
v 0.49897828 0.83181832 0.50148788
v 0.48342618 0.83181832 0.46463503
v 0.25757280 0.45145992 0.49568196
v 0.25757280 0.45145992 0.53568196
v 0.46665920 0.85038727 0.49568196
v 0.46665920 0.85038727 0.53568196
v 0.29300151 0.43289096 0.49568196
v 0.29300151 0.43289096 0.53568196
v 0.50208792 0.83181832 0.49568196
v 0.50208792 0.83181832 0.53568196
vn 0.77622115 0.54231426 0.32152133
vn 0.77622115 0.54231426 -0.32152133
vn 0.0000000e+0 -1.00000000 0.0000000e+0
vn 0.77622115 0.54231426 0.32152133
vn 0.32152133 0.54231426 0.77622115
vn 0.0000000e+0 -1.00000000 0.0000000e+0
vn 0.0000000e+0 -1.00000000 0.0000000e+0
vn 0.0000000e+0 -1.00000000 0.0000000e+0
vn 0.32152133 0.54231426 0.77622115
vn -0.32152133 0.54231426 0.77622115
vn 0.0000000e+0 -1.00000000 0.0000000e+0
vn 0.0000000e+0 -1.00000000 0.0000000e+0
vn 0.0000000e+0 -1.00000000 0.0000000e+0
vn 0.0000000e+0 -1.00000000 0.0000000e+0
vn -0.32152133 0.54231426 0.77622115
vn -0.77622115 0.54231426 0.32152133
vn 0.0000000e+0 -1.00000000 0.0000000e+0
vn 0.0000000e+0 -1.00000000 0.0000000e+0
vn -0.77622115 0.54231426 0.32152133
vn -0.77622115 0.54231426 -0.32152133
vn 0.0000000e+0 -1.00000000 0.0000000e+0
vn -0.77622115 0.54231426 -0.32152133
vn -0.32152133 0.54231426 -0.77622115
vn 0.0000000e+0 -1.00000000 0.0000000e+0
vn 0.0000000e+0 -1.00000000 0.0000000e+0
vn -0.32152133 0.54231426 -0.77622115
vn 0.32152133 0.54231426 -0.77622115
vn 0.0000000e+0 -1.00000000 0.0000000e+0
vn 0.0000000e+0 -1.00000000 0.0000000e+0
vn 0.0000000e+0 -1.00000000 0.0000000e+0
vn 0.32152133 0.54231426 -0.77622115
vn 0.77622115 0.54231426 -0.32152133
vn 0.0000000e+0 -1.00000000 0.0000000e+0
vn 0.0000000e+0 -1.00000000 0.0000000e+0
vn 0.77622115 0.54231426 0.32152133
vn 0.32152133 0.54231426 0.77622115
vn -0.32152133 0.54231426 0.77622115
vn -0.77622115 0.54231426 0.32152133
vn -0.77622115 0.54231426 -0.32152133
vn -0.32152133 0.54231426 -0.77622115
vn 0.32152133 0.54231426 -0.77622115
vn 0.77622115 0.54231426 -0.32152133
vn 0.47413789 -0.87969141 3.6555242e-2
vn 0.86193375 0.47223624 0.18456202
vn -0.17962033 -5.5999650e-2 0.98214081
vn 0.47413789 -0.87969141 3.6555242e-2
vn 0.17962033 5.5999650e-2 -0.98214081
vn 0.86193375 0.47223624 0.18456202
vn 0.47413789 -0.87969141 3.6555242e-2
vn 0.17962033 5.5999650e-2 -0.98214081
vn 0.86193375 0.47223624 0.18456202
vn -0.47413789 0.87969141 -3.6555242e-2
vn -0.17962033 -5.5999650e-2 0.98214081
vn 0.86193375 0.47223624 0.18456202
vn -0.47413789 0.87969141 -3.6555242e-2
vn 0.86193375 0.47223624 0.18456202
vn -0.17962033 -5.5999650e-2 0.98214081
vn 0.86193375 0.47223624 0.18456202
vn -0.47413789 0.87969141 -3.6555242e-2
vn 0.17962033 5.5999650e-2 -0.98214081
vn 0.47413789 -0.87969141 3.6555242e-2
vn -0.17962033 -5.5999650e-2 0.98214081
vn -0.86193375 -0.47223624 -0.18456202
vn -0.86193375 -0.47223624 -0.18456202
vn 0.47413789 -0.87969141 3.6555242e-2
vn -0.17962033 -5.5999650e-2 0.98214081
vn 0.47413789 -0.87969141 3.6555242e-2
vn 0.17962033 5.5999650e-2 -0.98214081
vn -0.86193375 -0.47223624 -0.18456202
vn -0.47413789 0.87969141 -3.6555242e-2
vn -0.17962033 -5.5999650e-2 0.98214081
vn -0.86193375 -0.47223624 -0.18456202
vn -0.47413789 0.87969141 -3.6555242e-2
vn 0.17962033 5.5999650e-2 -0.98214081
vn -0.86193375 -0.47223624 -0.18456202
vn -0.47413789 0.87969141 -3.6555242e-2
vn -0.86193375 -0.47223624 -0.18456202
vn 0.17962033 5.5999650e-2 -0.98214081
vn -0.15457655 -0.87969141 0.44972115
vn -0.39531952 0.47223624 0.78785494
vn -0.90544385 -5.5999650e-2 -0.42075583
vn -0.15457655 -0.87969141 0.44972115
vn 0.90544385 5.5999650e-2 0.42075583
vn -0.39531952 0.47223624 0.78785494
vn -0.15457655 -0.87969141 0.44972115
vn 0.90544385 5.5999650e-2 0.42075583
vn -0.39531952 0.47223624 0.78785494
vn 0.15457655 0.87969141 -0.44972115
vn -0.90544385 -5.5999650e-2 -0.42075583
vn -0.39531952 0.47223624 0.78785494
vn 0.15457655 0.87969141 -0.44972115
vn -0.39531952 0.47223624 0.78785494
vn -0.90544385 -5.5999650e-2 -0.42075583
vn -0.39531952 0.47223624 0.78785494
vn 0.15457655 0.87969141 -0.44972115
vn 0.90544385 5.5999650e-2 0.42075583
vn -0.15457655 -0.87969141 0.44972115
vn -0.90544385 -5.5999650e-2 -0.42075583
vn 0.39531952 -0.47223624 -0.78785494
vn 0.39531952 -0.47223624 -0.78785494
vn -0.15457655 -0.87969141 0.44972115
vn -0.90544385 -5.5999650e-2 -0.42075583
vn -0.15457655 -0.87969141 0.44972115
vn 0.90544385 5.5999650e-2 0.42075583
vn 0.39531952 -0.47223624 -0.78785494
vn 0.15457655 0.87969141 -0.44972115
vn -0.90544385 -5.5999650e-2 -0.42075583
vn 0.39531952 -0.47223624 -0.78785494
vn 0.15457655 0.87969141 -0.44972115
vn 0.90544385 5.5999650e-2 0.42075583
vn 0.39531952 -0.47223624 -0.78785494
vn 0.15457655 0.87969141 -0.44972115
vn 0.39531952 -0.47223624 -0.78785494
vn 0.90544385 5.5999650e-2 0.42075583
vn 0.13100865 -0.87969141 0.45714304
vn 0.12745936 0.47223624 0.87220814
vn -0.98315352 -5.5999650e-2 0.17399193
vn 0.13100865 -0.87969141 0.45714304
vn 0.98315352 5.5999650e-2 -0.17399193
vn 0.12745936 0.47223624 0.87220814
vn 0.13100865 -0.87969141 0.45714304
vn 0.98315352 5.5999650e-2 -0.17399193
vn 0.12745936 0.47223624 0.87220814
vn -0.13100865 0.87969141 -0.45714304
vn -0.98315352 -5.5999650e-2 0.17399193
vn 0.12745936 0.47223624 0.87220814
vn -0.13100865 0.87969141 -0.45714304
vn 0.12745936 0.47223624 0.87220814
vn -0.98315352 -5.5999650e-2 0.17399193
vn 0.12745936 0.47223624 0.87220814
vn -0.13100865 0.87969141 -0.45714304
vn 0.98315352 5.5999650e-2 -0.17399193
vn 0.13100865 -0.87969141 0.45714304
vn -0.98315352 -5.5999650e-2 0.17399193
vn -0.12745936 -0.47223624 -0.87220814
vn -0.12745936 -0.47223624 -0.87220814
vn 0.13100865 -0.87969141 0.45714304
vn -0.98315352 -5.5999650e-2 0.17399193
vn 0.13100865 -0.87969141 0.45714304
vn 0.98315352 5.5999650e-2 -0.17399193
vn -0.12745936 -0.47223624 -0.87220814
vn -0.13100865 0.87969141 -0.45714304
vn -0.98315352 -5.5999650e-2 0.17399193
vn -0.12745936 -0.47223624 -0.87220814
vn -0.13100865 0.87969141 -0.45714304
vn 0.98315352 5.5999650e-2 -0.17399193
vn -0.12745936 -0.47223624 -0.87220814
vn -0.13100865 0.87969141 -0.45714304
vn -0.12745936 -0.47223624 -0.87220814
vn 0.98315352 5.5999650e-2 -0.17399193
vn -0.14233547 -0.87421657 -0.46420469
vn 8.4706551e-2 0.45650100 -0.88568145
vn 0.98618731 -0.16538506 9.0755875e-3
vn -0.14233547 -0.87421657 -0.46420469
vn -0.98618731 0.16538506 -9.0755875e-3
vn 8.4706551e-2 0.45650100 -0.88568145
vn -0.14233547 -0.87421657 -0.46420469
vn -0.98618731 0.16538506 -9.0755875e-3
vn 8.4706551e-2 0.45650100 -0.88568145
vn 0.14233547 0.87421657 0.46420469
vn 0.98618731 -0.16538506 9.0755875e-3
vn 8.4706551e-2 0.45650100 -0.88568145
vn 0.14233547 0.87421657 0.46420469
vn 8.4706551e-2 0.45650100 -0.88568145
vn 0.98618731 -0.16538506 9.0755875e-3
vn 8.4706551e-2 0.45650100 -0.88568145
vn 0.14233547 0.87421657 0.46420469
vn -0.98618731 0.16538506 -9.0755875e-3
vn -0.14233547 -0.87421657 -0.46420469
vn 0.98618731 -0.16538506 9.0755875e-3
vn -8.4706551e-2 -0.45650100 0.88568145
vn -8.4706551e-2 -0.45650100 0.88568145
vn -0.14233547 -0.87421657 -0.46420469
vn 0.98618731 -0.16538506 9.0755875e-3
vn -0.14233547 -0.87421657 -0.46420469
vn -0.98618731 0.16538506 -9.0755875e-3
vn -8.4706551e-2 -0.45650100 0.88568145
vn 0.14233547 0.87421657 0.46420469
vn 0.98618731 -0.16538506 9.0755875e-3
vn -8.4706551e-2 -0.45650100 0.88568145
vn 0.14233547 0.87421657 0.46420469
vn -0.98618731 0.16538506 -9.0755875e-3
vn -8.4706551e-2 -0.45650100 0.88568145
vn 0.14233547 0.87421657 0.46420469
vn -8.4706551e-2 -0.45650100 0.88568145
vn -0.98618731 0.16538506 -9.0755875e-3
vn 0.42769923 -0.88571793 -0.18049132
vn 0.81603069 0.46422381 -0.34436923
vn 0.38880237 2.3109105e-15 0.92132118
vn 0.42769923 -0.88571793 -0.18049132
vn -0.38880237 -3.8515175e-16 -0.92132118
vn 0.81603069 0.46422381 -0.34436923
vn 0.42769923 -0.88571793 -0.18049132
vn -0.38880237 -3.8515175e-16 -0.92132118
vn 0.81603069 0.46422381 -0.34436923
vn -0.42769923 0.88571793 0.18049132
vn 0.38880237 7.2215953e-16 0.92132118
vn 0.81603069 0.46422381 -0.34436923
vn -0.42769923 0.88571793 0.18049132
vn 0.81603069 0.46422381 -0.34436923
vn 0.38880237 7.2215953e-16 0.92132118
vn 0.81603069 0.46422381 -0.34436923
vn -0.42769923 0.88571793 0.18049132
vn -0.38880237 -1.5406070e-15 -0.92132118
vn 0.42769923 -0.88571793 -0.18049132
vn 0.38880237 7.2215953e-16 0.92132118
vn -0.81603069 -0.46422381 0.34436923
vn -0.81603069 -0.46422381 0.34436923
vn 0.42769923 -0.88571793 -0.18049132
vn 0.38880237 7.2215953e-16 0.92132118
vn 0.42769923 -0.88571793 -0.18049132
vn -0.38880237 7.7030350e-16 -0.92132118
vn -0.81603069 -0.46422381 0.34436923
vn -0.42769923 0.88571793 0.18049132
vn 0.38880237 -8.6659143e-16 0.92132118
vn -0.81603069 -0.46422381 0.34436923
vn -0.42769923 0.88571793 0.18049132
vn -0.38880237 -3.8515175e-16 -0.92132118
vn -0.81603069 -0.46422381 0.34436923
vn -0.42769923 0.88571793 0.18049132
vn -0.81603069 -0.46422381 0.34436923
vn -0.38880237 -3.8515175e-16 -0.92132118
vn -0.46422381 -0.88571793 0.0000000e+0
vn -0.88571793 0.46422381 0.0000000e+0
vn 0.0000000e+0 0.0000000e+0 -1.00000000
vn -0.46422381 -0.88571793 0.0000000e+0
vn -4.8143969e-16 0.0000000e+0 1.00000000
vn -0.88571793 0.46422381 0.0000000e+0
vn -0.46422381 -0.88571793 0.0000000e+0
vn -4.8143969e-16 0.0000000e+0 1.00000000
vn -0.88571793 0.46422381 0.0000000e+0
vn 0.46422381 0.88571793 0.0000000e+0
vn 3.8515175e-16 0.0000000e+0 -1.00000000
vn -0.88571793 0.46422381 0.0000000e+0
vn 0.46422381 0.88571793 0.0000000e+0
vn -0.88571793 0.46422381 0.0000000e+0
vn 3.8515175e-16 0.0000000e+0 -1.00000000
vn -0.88571793 0.46422381 0.0000000e+0
vn 0.46422381 0.88571793 0.0000000e+0
vn 0.0000000e+0 0.0000000e+0 1.00000000
vn -0.46422381 -0.88571793 0.0000000e+0
vn 3.8515175e-16 0.0000000e+0 -1.00000000
vn 0.88571793 -0.46422381 0.0000000e+0
vn 0.88571793 -0.46422381 0.0000000e+0
vn -0.46422381 -0.88571793 0.0000000e+0
vn 3.8515175e-16 0.0000000e+0 -1.00000000
vn -0.46422381 -0.88571793 0.0000000e+0
vn -9.6287937e-16 0.0000000e+0 1.00000000
vn 0.88571793 -0.46422381 0.0000000e+0
vn 0.46422381 0.88571793 0.0000000e+0
vn 7.7030350e-16 0.0000000e+0 -1.00000000
vn 0.88571793 -0.46422381 0.0000000e+0
vn 0.46422381 0.88571793 0.0000000e+0
vn -4.8143969e-16 0.0000000e+0 1.00000000
vn 0.88571793 -0.46422381 0.0000000e+0
vn 0.46422381 0.88571793 0.0000000e+0
vn 0.88571793 -0.46422381 0.0000000e+0
vn -4.8143969e-16 0.0000000e+0 1.00000000
g Fireplace 1_default
usemtl default
s 1
f 1//1 9//35 2//4
f 3//10 9//37 4//15
f 6//23 9//40 7//26
f 11//50 17//78 13//60
f 12//57 14//66 10//45
f 15//68 17//74 11//47
f 16//71 14//62 12//53
f 19//86 25//114 21//96
f 20//93 22//102 18//81
f 23//104 25//110 19//83
f 24//107 22//98 20//89
f 27//122 33//150 29//132
f 28//129 30//138 26//117
f 31//140 33//146 27//119
f 32//143 30//134 28//125
f 35//159 36//164 34//152
f 37//166 36//162 35//156
f 38//172 41//185 39//177
f 40//180 41//183 38//171
f 43//195 44//200 42//188
f 45//202 44//198 43//192
f 46//208 49//221 47//213
f 48//216 49//219 46//207
f 51//230 57//258 53//240
f 52//237 54//246 50//225
f 55//248 57//254 51//227
f 56//251 54//242 52//233
s 2
f 2//5 9//36 3//9
f 5//20 9//39 6//22
f 7//27 9//41 8//31
f 10//43 14//65 11//49
f 11//46 14//61 15//67
f 12//52 17//73 16//70
f 13//59 17//76 12//55
f 19//87 20//92 18//80
f 21//94 20//90 19//84
f 22//100 25//113 23//105
f 24//108 25//111 22//99
f 26//115 30//137 27//121
f 27//118 30//133 31//139
f 28//124 33//145 32//142
f 29//131 33//148 28//127
f 35//158 41//186 37//168
f 36//165 38//174 34//153
f 39//176 41//182 35//155
f 40//179 38//170 36//161
f 43//194 49//222 45//204
f 44//201 46//210 42//189
f 47//212 49//218 43//191
f 48//215 46//206 44//197
f 50//223 54//245 51//229
f 51//226 54//241 55//247
f 52//232 57//253 56//250
f 53//239 57//256 52//235
s 3
f 4//16 9//38 5//19
f 8//32 9//42 1//2
f 11//51 12//56 10//44
f 13//58 12//54 11//48
f 14//64 17//77 15//69
f 16//72 17//75 14//63
f 18//79 22//101 19//85
f 19//82 22//97 23//103
f 20//88 25//109 24//106
f 21//95 25//112 20//91
f 27//123 28//128 26//116
f 29//130 28//126 27//120
f 30//136 33//149 31//141
f 32//144 33//147 30//135
f 34//151 38//173 35//157
f 35//154 38//169 39//175
f 36//160 41//181 40//178
f 37//167 41//184 36//163
f 42//187 46//209 43//193
f 43//190 46//205 47//211
f 44//196 49//217 48//214
f 45//203 49//220 44//199
f 51//231 52//236 50//224
f 53//238 52//234 51//228
f 54//244 57//257 55//249
f 56//252 57//255 54//243
s 4
f 2//8 8//34 1//3
f 3//11 7//28 2//6
f 4//17 6//24 3//12
f 5//18 6//21 4//14
f 7//30 3//13 6//25
f 8//33 2//7 7//29
